10 10.8333 11.6667 12.5 13.3333 14.1667 15 15.8333 16.6667 17.5 18.3333 19.1667 20 
10.8333 11.6667 12.5 13.3333 14.1667 15 15.8333 16.6667 17.5 18.3333 19.1667 20 20.8333 
11.6667 12.5 13.3333 14.1667 15 15.8333 16.6667 17.5 18.3333 19.1667 20 20.8333 21.6667 
12.5 13.3333 14.1667 15 15.8333 16.6666 17.5 18.3333 19.1666 20 20.8333 21.6667 22.5 
13.3333 14.1667 15 15.8333 16.6666 17.5 18.3333 19.1666 20 20.8333 21.6667 22.5 23.3333 
14.1667 15 15.8333 16.6666 17.5 18.3333 19.1666 20 20.8333 21.6666 22.5 23.3333 24.1667 
15 15.8333 16.6667 17.5 18.3333 19.1666 20 20.8333 21.6666 22.5 23.3333 24.1667 25 
15.8333 16.6667 17.5 18.3333 19.1666 20 20.8333 21.6666 22.5 23.3333 24.1667 25 25.8333 
16.6667 17.5 18.3333 19.1666 20 20.8333 21.6666 22.5 23.3333 24.1666 25 25.8333 26.6667 
17.5 18.3333 19.1667 20 20.8333 21.6666 22.5 23.3333 24.1666 25 25.8333 26.6667 27.5 
18.3333 19.1667 20 20.8333 21.6667 22.5 23.3333 24.1667 25 25.8333 26.6667 27.5 28.3333 
19.1667 20 20.8333 21.6667 22.5 23.3333 24.1667 25 25.8333 26.6667 27.5 28.3333 29.1667 
20 20.8333 21.6667 22.5 23.3333 24.1667 25 25.8333 26.6667 27.5 28.3333 29.1667 30 
